21.11.20 14:26:48 4.710085 65262 27956 28.43 145.183289 0.00058 4513.4 2396.4 0.000004
21.11.20 15:11:38 4.709980 65250 27986 28.43 145.031738 0.00048 4505.5 2396.4 0.000004
21.11.20 15:56:38 4.709869 65067 28000 28.44 144.933868 0.00044 4472.2 2395.2 0.000004
21.11.20 16:40:39 4.709762 65397 27993 28.44 144.935699 0.00063 4505.5 2395.5 0.000004
21.11.20 17:36:26 4.709662 65229 28002 28.45 144.821152 0.00058 4503.0 2399.5 0.000004
21.11.20 18:20:44 4.709558 65337 27965 28.46 144.749908 0.00061 4506.6 2384.4 0.000004
21.11.20 19:06:09 4.709448 65385 28057 28.46 144.689941 0.00044 4500.7 2396.0 0.000004
21.11.20 19:51:22 4.709349 65399 28022 28.46 144.630142 0.00042 4506.7 2398.0 0.000004
21.11.20 20:35:43 4.709240 65458 28102 28.46 144.549713 0.00043 4497.3 2397.1 0.000004
21.11.20 21:20:30 4.709130 65348 28120 28.47 144.494553 0.00044 4501.9 2402.8 0.000004
21.11.20 22:04:42 4.709022 65237 28058 28.48 144.503052 0.00044 4495.8 2399.2 0.000004
21.11.20 22:47:39 4.708918 65418 28161 28.48 144.377548 0.00042 4516.7 2411.7 0.000004
21.11.20 23:33:29 4.708809 65352 28196 28.48 144.316879 0.00053 4502.5 2412.1 0.000004
21.11.21 00:18:06 4.708703 65415 28155 28.48 144.242828 0.00051 4514.8 2409.9 0.000004
21.11.21 01:02:36 4.708597 65401 28127 28.49 144.186066 0.00039 4510.2 2408.6 0.000004
21.11.21 01:47:21 4.708486 65186 28041 28.50 144.124603 0.00046 4475.6 2389.4 0.000004
21.11.21 02:32:02 4.708378 65324 28180 28.51 144.053665 0.00044 4453.5 2390.2 0.000004
21.11.21 03:14:58 4.708264 65465 28203 28.51 143.988846 0.00034 4514.1 2412.6 0.000004
21.11.21 03:58:55 4.708157 65340 28122 28.51 143.894547 0.00036 4507.9 2405.1 0.000004
21.11.21 04:43:29 4.708045 65427 28189 28.51 143.840378 0.00039 4490.0 2382.1 0.000004
21.11.21 05:27:32 4.707932 65293 28151 28.52 143.753143 0.00042 4494.3 2405.6 0.000004
21.11.21 06:10:54 4.707820 65391 28216 28.52 143.722992 0.00038 4507.2 2414.2 0.000004
21.11.21 06:54:17 4.707707 65445 28238 28.50 143.664825 0.00028 4506.8 2414.3 0.000004
21.11.21 07:37:51 4.707595 65327 28220 28.52 143.573685 0.00037 4493.0 2408.9 0.000004
