21.10.11 11:05:24 4.699363 66088 29763 28.45 49.944405 0.00106 1789.3 927.1 0.000001
21.10.11 11:05:52 4.699482 66143 29753 28.45 50.211777 0.00092 1818.1 943.6 0.000001
21.10.11 11:06:21 4.699692 66237 29718 28.44 50.423714 0.00097 1864.8 964.0 0.000001
21.10.11 11:06:50 4.699909 66190 29641 28.44 50.615059 0.00088 1915.1 982.5 0.000001
21.10.11 11:07:18 4.700123 66243 29607 28.44 50.758282 0.00086 1901.9 975.8 0.000001
21.10.11 11:07:47 4.700334 66208 29498 28.44 51.038113 0.00086 1800.4 920.1 0.000001
21.10.11 11:08:16 4.700545 66272 29452 28.44 51.098412 0.00077 1852.6 941.6 0.000001
21.10.11 11:08:45 4.700725 66380 29440 28.43 51.188156 0.00076 1952.8 990.0 0.000001
21.10.11 11:09:13 4.700921 66359 29361 28.43 51.394798 0.00073 1974.4 996.7 0.000001
21.10.11 11:09:41 4.701125 66403 29294 28.43 51.556355 0.00066 1807.7 928.9 0.000001
21.10.11 11:10:10 4.701342 66328 29238 28.43 51.715988 0.00063 1981.5 996.3 0.000001
21.10.11 11:10:39 4.701539 66439 29208 28.43 51.897171 0.00066 1857.8 949.2 0.000001
21.10.11 11:11:07 4.701726 66436 29159 28.43 52.057652 0.00056 1974.3 988.3 0.000001
21.10.11 11:11:35 4.701930 66450 29069 28.43 52.246746 0.00053 1975.1 988.3 0.000001
21.10.11 11:12:04 4.702165 66462 29065 28.43 52.430405 0.00048 2002.3 1000.7 0.000001
21.10.11 11:12:32 4.702396 66499 29003 28.43 52.534748 0.00052 1982.2 987.5 0.000001
21.10.11 11:13:00 4.702630 66602 28997 28.43 52.738194 0.00041 1987.3 985.3 0.000001
21.10.11 11:13:28 4.702863 66531 28911 28.43 52.860611 0.00041 1977.5 981.1 0.000001
21.10.11 11:13:56 4.703101 66597 28904 28.42 53.083759 0.00037 1932.0 962.4 0.000001
21.10.11 11:14:25 4.703341 66555 28815 28.42 53.179131 0.00034 1840.5 922.0 0.000001
21.10.11 11:14:53 4.703588 66544 28789 28.42 53.430416 0.00033 1984.7 979.4 0.000001
21.10.11 11:15:21 4.703818 66599 28744 28.42 53.544632 0.00031 1964.7 968.2 0.000001
21.10.11 11:15:49 4.704054 66596 28719 28.42 53.707016 0.00028 1890.2 939.9 0.000001
21.10.11 11:16:17 4.704296 66629 28701 28.42 53.893383 0.00027 1897.6 944.5 0.000001
21.10.11 11:16:45 4.704532 66492 28573 28.42 54.025124 0.00024 2035.3 996.9 0.000001
21.10.11 11:17:14 4.704794 66556 28573 28.42 54.267796 0.00023 1978.7 968.5 0.000001
21.10.11 11:17:42 4.705044 66566 28511 28.42 54.381649 0.00023 1933.0 954.0 0.000001
21.10.11 11:18:10 4.705292 66566 28478 28.42 54.582836 0.00024 1888.3 933.4 0.000001
21.10.11 11:18:38 4.705551 66521 28465 28.42 54.702744 0.00021 1969.4 965.1 0.000001
21.10.11 11:19:06 4.705808 66426 28377 28.42 54.908058 0.00021 2011.4 982.1 0.000001
21.10.11 11:19:35 4.706056 66530 28383 28.41 55.054649 0.00025 1963.6 962.5 0.000001
21.10.11 11:20:03 4.706315 66484 28320 28.41 55.220047 0.00030 1974.2 959.0 0.000001
21.10.11 11:20:31 4.706588 66558 28322 28.41 55.458755 0.00031 1990.7 967.4 0.000001
21.10.11 11:20:59 4.706850 66428 28269 28.41 55.624458 0.00035 2019.2 982.7 0.000001
21.10.11 11:21:27 4.707100 66476 28235 28.40 55.788563 0.00035 2023.9 982.5 0.000001
21.10.11 11:21:55 4.707369 66381 28205 28.40 55.926399 0.00041 1955.0 955.4 0.000001
21.10.11 11:22:24 4.707634 66350 28154 28.40 56.151012 0.00041 2021.3 979.7 0.000001
21.10.11 11:22:52 4.707909 66302 28118 28.39 56.332985 0.00046 2014.1 974.0 0.000001
21.10.11 11:23:20 4.708171 66221 28074 28.39 56.475296 0.00051 2019.2 977.7 0.000001
21.10.11 11:23:48 4.708444 66161 28036 28.39 56.665096 0.00057 1861.7 913.9 0.000001
21.10.11 11:24:16 4.708702 66170 28050 28.38 56.728020 0.00062 2051.7 990.2 0.000001
21.10.11 11:24:45 4.708968 66091 27998 28.38 56.970074 0.00060 1854.9 913.0 0.000001
21.10.11 11:25:13 4.709249 66078 27995 28.38 57.138145 0.00074 2051.7 989.3 0.000001
21.10.11 11:25:41 4.709535 65944 27949 28.37 57.311440 0.00073 1848.6 910.2 0.000001
21.10.11 11:26:09 4.709808 65903 27929 28.37 57.459446 0.00081 1912.4 934.5 0.000001
21.10.11 11:26:37 4.710082 65824 27913 28.37 57.733185 0.00089 2042.5 985.3 0.000001
21.10.11 11:27:06 4.710383 65756 27885 28.36 57.760044 0.00090 2040.2 984.2 0.000001
21.10.11 11:27:34 4.710659 65678 27834 28.36 58.042057 0.00098 2023.6 976.8 0.000001
21.10.11 11:28:02 4.710937 65564 27824 28.36 58.179668 0.00102 1868.5 917.2 0.000001
21.10.11 11:28:31 4.711222 65555 27814 28.35 58.468193 0.00108 2034.8 981.6 0.000001
21.10.11 11:28:59 4.711493 65483 27805 28.35 58.589012 0.00114 1868.4 917.7 0.000001
21.10.11 11:29:27 4.711774 65448 27762 28.34 58.706161 0.00121 2032.0 979.9 0.000001
21.10.11 11:29:55 4.712053 65334 27785 28.34 58.908947 0.00121 2039.2 979.1 0.000001
21.10.11 11:30:24 4.712364 65272 27754 28.33 59.070305 0.00123 2023.0 977.7 0.000001
21.10.11 11:30:52 4.712656 65255 27757 28.32 59.225689 0.00128 1817.4 896.8 0.000001
21.10.11 11:31:20 4.712947 65182 27766 28.32 59.470871 0.00134 1820.1 899.6 0.000001
21.10.11 11:31:48 4.713232 65098 27745 28.32 59.649693 0.00145 1923.0 936.3 0.000001
21.10.11 11:32:17 4.713518 65067 27745 28.31 59.781269 0.00146 1816.8 895.1 0.000001
21.10.11 11:32:45 4.713823 65041 27765 28.30 60.018757 0.00145 1825.1 901.7 0.000001
21.10.11 11:33:14 4.714119 64972 27742 28.30 60.154053 0.00148 2005.4 972.9 0.000001
21.10.11 11:33:42 4.714420 64969 27756 28.29 60.366394 0.00154 1842.9 902.5 0.000001
21.10.11 11:34:10 4.714715 64841 27737 28.29 60.500320 0.00164 1809.6 893.3 0.000001
21.10.11 11:34:38 4.715047 64732 27742 28.29 60.728851 0.00167 1829.4 905.0 0.000001
21.10.11 11:35:07 4.715335 64782 27745 28.28 60.904388 0.00175 1958.6 957.0 0.000001
21.10.11 11:35:35 4.715632 64619 27742 28.28 61.078445 0.00167 1889.3 927.7 0.000001
21.10.11 11:36:03 4.715931 64620 27760 28.27 61.281227 0.00182 1951.2 955.6 0.000001
21.10.11 11:36:32 4.716219 64645 27792 28.27 61.420673 0.00191 1984.1 968.7 0.000001
21.10.11 11:37:00 4.716516 64475 27761 28.26 61.626789 0.00189 1952.1 956.8 0.000001
21.10.11 11:37:28 4.716827 64483 27802 28.26 61.827770 0.00203 1973.3 966.1 0.000001
21.10.11 11:37:57 4.717142 64424 27837 28.26 61.937050 0.00200 1963.2 964.7 0.000001
21.10.11 11:38:25 4.717461 64351 27814 28.25 62.191319 0.00222 1965.7 964.6 0.000001
21.10.11 11:38:53 4.717782 64182 27820 28.25 62.418163 0.00213 1955.6 962.2 0.000001
21.10.11 11:39:21 4.718104 64266 27863 28.25 62.576378 0.00220 1957.8 963.6 0.000001
21.10.11 11:39:50 4.718421 64145 27853 28.25 62.775452 0.00234 1950.7 961.5 0.000001
21.10.11 11:40:18 4.718728 64091 27907 28.24 62.880093 0.00243 1871.0 930.1 0.000001
21.10.11 11:40:46 4.719036 64057 27943 28.24 63.103161 0.00243 1940.4 960.8 0.000001
21.10.11 11:41:15 4.719378 63929 27928 28.24 63.341106 0.00244 1934.0 958.9 0.000001
21.10.11 11:41:43 4.719689 63871 27939 28.24 63.462257 0.00249 1929.6 957.9 0.000001
21.10.11 11:42:11 4.720000 63763 27960 28.24 63.585186 0.00266 1922.1 956.4 0.000001
21.10.11 11:42:40 4.720323 63703 27972 28.24 63.772827 0.00246 1813.2 905.7 0.000001
21.10.11 11:43:08 4.720636 63700 28039 28.24 64.026672 0.00259 1862.9 935.3 0.000001
21.10.11 11:43:36 4.720951 63524 28033 28.24 64.219521 0.00268 1842.1 922.6 0.000001
21.10.11 11:44:05 4.721270 63383 28070 28.25 64.337936 0.00265 1893.9 951.3 0.000001
21.10.11 11:44:33 4.721609 63354 28064 28.25 64.617516 0.00264 1893.0 951.0 0.000001
21.10.11 11:45:01 4.721919 63389 28099 28.25 64.729836 0.00274 1843.9 931.8 0.000001
21.10.11 11:45:30 4.722245 63267 28155 28.26 64.940636 0.00272 1827.9 927.9 0.000001
21.10.11 11:45:58 4.722586 63220 28203 28.26 65.181458 0.00280 1833.3 928.5 0.000001
21.10.11 11:46:26 4.722916 63036 28186 28.27 65.336014 0.00278 1871.6 947.6 0.000001
21.10.11 11:46:54 4.723261 63042 28215 28.27 65.592949 0.00279 1865.7 946.8 0.000001
21.10.11 11:47:23 4.723575 62941 28290 28.28 65.740486 0.00279 1806.9 924.0 0.000001
21.10.11 11:47:51 4.723887 62830 28286 28.29 65.906372 0.00286 1859.5 946.1 0.000001
21.10.11 11:48:19 4.724218 62706 28307 28.30 66.104050 0.00279 1796.6 921.5 0.000001
21.10.11 11:48:47 4.724563 62600 28356 28.31 66.278740 0.00286 1831.1 940.2 0.000001
21.10.11 11:49:16 4.724922 62508 28397 28.31 66.506012 0.00290 1823.6 939.0 0.000001
21.10.11 11:49:44 4.725267 62545 28457 28.32 66.673508 0.00275 1793.5 925.9 0.000001
21.10.11 11:50:12 4.725635 62367 28488 28.34 66.885506 0.00280 1811.1 937.6 0.000001
21.10.11 11:50:40 4.725970 62361 28519 28.35 67.223015 0.00274 1798.0 932.8 0.000001
21.10.11 11:51:09 4.726319 62287 28556 28.36 67.269005 0.00280 1786.3 927.3 0.000001
21.10.11 11:51:37 4.726666 62224 28610 28.37 67.479355 0.00291 1782.2 926.5 0.000001
21.10.11 11:52:05 4.727000 62135 28646 28.38 67.653282 0.00281 1774.1 925.3 0.000001
21.10.11 11:52:34 4.727343 62038 28681 28.40 67.878502 0.00273 1775.1 927.4 0.000001
21.10.11 11:53:02 4.727692 61963 28741 28.41 68.040100 0.00279 1771.9 931.7 0.000001
21.10.11 11:53:30 4.728040 61905 28769 28.42 68.235451 0.00274 1760.0 924.0 0.000001
21.10.11 11:53:59 4.728393 61772 28795 28.44 68.453918 0.00272 1759.8 929.2 0.000001
21.10.11 11:54:27 4.728736 61772 28850 28.45 68.642303 0.00287 1749.7 923.8 0.000001
21.10.11 11:54:55 4.729099 61575 28890 28.46 68.867760 0.00289 1727.2 922.7 0.000001
21.10.11 11:55:24 4.729441 61531 28927 28.47 69.020424 0.00299 1733.1 921.7 0.000001
21.10.11 11:55:52 4.729776 61454 28968 28.49 69.216331 0.00284 1727.9 919.2 0.000001
21.10.11 11:56:20 4.730147 61356 29003 28.50 69.449081 0.00277 1720.5 919.3 0.000001
21.10.11 11:56:49 4.730500 61231 29003 28.52 69.570908 0.00265 1717.9 921.3 0.000001
21.10.11 11:57:17 4.730875 61128 29035 28.53 69.756653 0.00266 1699.8 914.1 0.000001
21.10.11 11:57:45 4.731228 61126 29104 28.55 69.941734 0.00275 1707.3 920.3 0.000001
21.10.11 11:58:14 4.731582 60985 29142 28.56 70.131783 0.00272 1696.7 917.8 0.000001
21.10.11 11:58:42 4.731930 60839 29158 28.58 70.363922 0.00260 1666.7 909.2 0.000001
21.10.11 11:59:10 4.732280 60837 29216 28.59 70.499237 0.00252 1684.7 915.7 0.000001
21.10.11 11:59:39 4.732645 60755 29238 28.60 70.738342 0.00248 1679.3 914.9 0.000001
21.10.11 12:00:07 4.732994 60667 29282 28.61 70.873947 0.00243 1673.2 913.7 0.000001
21.10.11 12:00:35 4.733340 60563 29330 28.63 71.107986 0.00235 1650.7 903.2 0.000001
21.10.11 12:01:04 4.733703 60557 29385 28.64 71.301697 0.00229 1657.1 909.0 0.000001
21.10.11 12:01:32 4.734085 60484 29415 28.66 71.495026 0.00208 1592.2 882.6 0.000001
21.10.11 12:02:00 4.734437 60479 29502 28.67 71.664383 0.00200 1651.1 911.2 0.000001
21.10.11 12:02:28 4.734822 60441 29520 28.68 71.902962 0.00191 1648.7 911.0 0.000001
21.10.11 12:02:57 4.735188 60333 29527 28.69 72.045044 0.00183 1613.6 892.6 0.000001
21.10.11 12:03:25 4.735562 60307 29616 28.71 72.265518 0.00182 1635.5 908.5 0.000001
21.10.11 12:03:53 4.735936 60317 29692 28.72 72.508072 0.00174 1567.4 873.9 0.000001
21.10.11 12:04:22 4.736312 60269 29713 28.73 72.678726 0.00172 1628.9 908.4 0.000001
21.10.11 12:04:50 4.736709 60273 29784 28.74 72.844345 0.00170 1598.3 893.9 0.000001
21.10.11 12:05:18 4.737075 60208 29795 28.75 73.050591 0.00166 1621.0 907.4 0.000001
21.10.11 12:05:47 4.737446 60159 29863 28.76 73.233948 0.00155 1615.1 906.8 0.000001
21.10.11 12:06:15 4.737824 60201 29902 28.77 73.427742 0.00148 1615.8 907.8 0.000001
21.10.11 12:06:43 4.738190 60164 29947 28.78 73.617905 0.00143 1611.6 907.3 0.000001
21.10.11 12:07:12 4.738570 60173 29978 28.79 73.835396 0.00142 1610.4 907.5 0.000001
21.10.11 12:07:40 4.738946 60136 30020 28.80 73.946198 0.00138 1549.5 881.1 0.000001
21.10.11 12:08:08 4.739330 60188 30104 28.80 74.112396 0.00126 1547.5 881.8 0.000001
21.10.11 12:08:36 4.739700 60053 30119 28.81 74.325188 0.00132 1564.3 885.2 0.000001
21.10.11 12:09:05 4.740099 60031 30101 28.82 74.572113 0.00128 1596.2 905.2 0.000001
21.10.11 12:09:33 4.740457 59990 30161 28.83 74.772797 0.00119 1591.4 904.9 0.000001
21.10.11 12:10:01 4.740839 60056 30233 28.83 74.925140 0.00120 1548.3 882.3 0.000001
21.10.11 12:10:30 4.741235 59967 30262 28.84 75.154762 0.00119 1585.3 904.7 0.000001
21.10.11 12:10:58 4.741623 60014 30294 28.84 75.369743 0.00113 1585.6 905.2 0.000001
21.10.11 12:11:26 4.741997 59962 30333 28.85 75.522194 0.00111 1581.5 904.8 0.000001
21.10.11 12:11:55 4.742378 59852 30332 28.85 75.737236 0.00112 1557.6 889.8 0.000001
21.10.11 12:12:23 4.742756 59940 30368 28.85 75.927116 0.00104 1577.6 904.1 0.000001
21.10.11 12:12:51 4.743143 59910 30422 28.86 76.041649 0.00098 1529.6 883.5 0.000001
21.10.11 12:13:19 4.743518 59794 30426 28.86 76.248489 0.00090 1567.5 901.9 0.000001
21.10.11 12:13:48 4.743898 59820 30467 28.87 76.494766 0.00094 1567.2 902.6 0.000001
21.10.11 12:14:16 4.744273 59728 30446 28.87 76.646172 0.00095 1563.3 901.0 0.000001
21.10.11 12:14:44 4.744674 59783 30491 28.87 76.817047 0.00093 1539.3 887.2 0.000001
21.10.11 12:15:22 4.745050 59756 30553 28.87 77.043617 0.00088 1559.5 901.6 0.000001
21.10.11 12:15:50 4.745445 59631 30522 28.88 77.197258 0.00091 1555.4 899.9 0.000001
21.10.11 12:16:19 4.745850 59653 30550 28.88 77.395538 0.00077 1554.5 900.1 0.000001
21.10.11 12:16:47 4.746235 59588 30530 28.88 77.597916 0.00072 1552.0 898.9 0.000001
21.10.11 12:17:15 4.746633 59556 30563 28.89 77.765930 0.00074 1549.7 898.9 0.000001
21.10.11 12:17:43 4.747016 59566 30550 28.89 78.011078 0.00076 1549.4 898.3 0.000001
21.10.11 12:18:12 4.747412 59501 30596 28.89 78.096062 0.00067 1545.1 897.9 0.000001
21.10.11 12:18:40 4.747798 59485 30607 28.89 78.284790 0.00059 1544.0 897.8 0.000001
21.10.11 12:19:08 4.748173 59469 30634 28.89 78.510559 0.00056 1541.2 897.3 0.000001
21.10.11 12:19:36 4.748591 59474 30642 28.89 78.682465 0.00058 1541.6 897.6 0.000001
21.10.11 12:20:05 4.748969 59480 30645 28.89 78.889381 0.00054 1530.0 890.1 0.000001
21.10.11 12:20:33 4.749353 59393 30633 28.89 79.024361 0.00054 1537.7 896.2 0.000001
21.10.11 12:21:01 4.749752 59429 30692 28.89 79.208900 0.00049 1537.1 897.0 0.000001
21.10.11 12:21:29 4.750151 59449 30678 28.89 79.393578 0.00043 1538.7 897.3 0.000001
21.10.11 12:21:57 4.750536 59369 30682 28.89 79.652763 0.00044 1534.5 896.1 0.000001
21.10.11 12:22:26 4.750957 59372 30659 28.89 79.796501 0.00047 1535.9 896.1 0.000001
21.10.11 12:22:54 4.751332 59313 30668 28.89 79.976967 0.00044 1532.6 895.3 0.000001
21.10.11 12:23:22 4.751738 59358 30690 28.89 80.226891 0.00037 1533.1 895.6 0.000001
21.10.11 12:23:50 4.752123 59354 30694 28.89 80.398521 0.00040 1533.5 896.0 0.000001
21.10.11 12:24:18 4.752535 59289 30618 28.89 80.643288 0.00036 1533.5 894.6 0.000001
21.10.11 12:24:46 4.752956 59297 30625 28.88 80.787880 0.00039 1533.3 894.7 0.000001
21.10.11 12:25:14 4.753350 59396 30693 28.88 81.000610 0.00040 1535.3 896.4 0.000001
21.10.11 12:25:42 4.753788 59293 30613 28.88 81.200615 0.00034 1534.1 894.7 0.000001
21.10.11 12:26:11 4.754220 59248 30580 28.87 81.353645 0.00049 1533.4 894.0 0.000001
21.10.11 12:26:39 4.754649 59250 30571 28.87 81.538872 0.00035 1534.2 894.1 0.000001
21.10.11 12:27:07 4.755065 59267 30584 28.87 81.657349 0.00043 1535.0 894.7 0.000001
21.10.11 12:27:35 4.755470 59268 30574 28.86 81.891029 0.00040 1534.8 894.4 0.000001
21.10.11 12:28:03 4.755844 59343 30578 28.86 82.116730 0.00033 1538.2 895.3 0.000001
21.10.11 12:28:31 4.756224 59256 30528 28.85 82.333420 0.00053 1536.1 893.9 0.000001
21.10.11 12:28:59 4.756726 59232 30482 28.85 82.406013 0.00034 1542.2 895.9 0.000001
21.10.11 12:29:27 4.757247 59324 30476 28.84 82.649956 0.00043 1586.1 914.6 0.000001
21.10.11 12:29:56 4.757657 59200 30391 28.83 82.826660 0.00059 1541.6 893.2 0.000001
21.10.11 12:30:24 4.758074 59235 30395 28.82 83.028572 0.00037 1541.2 893.2 0.000001
21.10.11 12:30:52 4.758474 59218 30332 28.82 83.164360 0.00042 1541.2 891.2 0.000001
21.10.11 12:31:20 4.758895 59252 30336 28.81 83.392418 0.00053 1546.1 893.9 0.000001
21.10.11 12:31:48 4.759289 59217 30309 28.81 83.540550 0.00053 1547.4 893.9 0.000001
21.10.11 12:32:16 4.759692 59349 30298 28.80 83.756767 0.00053 1552.4 895.1 0.000001
21.10.11 12:32:45 4.760107 59282 30250 28.79 83.903008 0.00062 1554.9 896.0 0.000001
21.10.11 12:33:13 4.760490 59323 30245 28.78 84.033157 0.00060 1555.1 895.1 0.000001
21.10.11 12:33:41 4.760900 59382 30215 28.77 84.265656 0.00065 1555.4 892.9 0.000001
21.10.11 12:34:09 4.761306 59391 30167 28.77 84.418350 0.00068 1560.0 894.1 0.000001
21.10.11 12:34:37 4.761734 59407 30149 28.76 84.667603 0.00075 1561.5 894.2 0.000001
21.10.11 12:35:05 4.762166 59383 30090 28.75 84.798233 0.00069 1547.6 887.1 0.000001
21.10.11 12:35:34 4.762577 59394 30017 28.74 84.993118 0.00082 1525.9 875.3 0.000001
21.10.11 12:36:02 4.762967 59427 30022 28.74 85.183617 0.00083 1564.3 891.9 0.000001
21.10.11 12:36:30 4.763343 59513 30004 28.72 85.321434 0.00078 1568.9 894.4 0.000001
21.10.11 12:36:59 4.763736 59503 29965 28.72 85.471596 0.00087 1573.6 894.5 0.000001
21.10.11 12:37:27 4.764124 59548 29923 28.71 85.652245 0.00088 1580.2 896.4 0.000001
21.10.11 12:37:55 4.764504 59590 29897 28.71 85.842224 0.00106 1580.1 895.1 0.000001
21.10.11 12:38:24 4.764905 59609 29837 28.70 86.059143 0.00092 1581.9 894.1 0.000001
21.10.11 12:38:52 4.765323 59707 29828 28.69 86.198326 0.00118 1595.3 900.2 0.000001
21.10.11 12:39:20 4.765721 59793 29830 28.68 86.368309 0.00111 1590.8 896.5 0.000001
21.10.11 12:39:48 4.766129 59751 29705 28.68 86.544189 0.00116 1603.3 900.3 0.000001
21.10.11 12:40:17 4.766519 59837 29745 28.67 86.715958 0.00109 1569.8 884.9 0.000001
21.10.11 12:40:45 4.766956 59891 29677 28.66 86.905060 0.00119 1611.4 902.1 0.000001
21.10.11 12:41:13 4.767371 59994 29691 28.66 87.020210 0.00113 1610.8 900.6 0.000001
21.10.11 12:41:41 4.767782 60029 29651 28.65 87.283752 0.00126 1620.5 904.4 0.000001
21.10.11 12:42:10 4.768199 60114 29622 28.64 87.416702 0.00118 1614.4 899.2 0.000001
21.10.11 12:42:38 4.768622 60174 29553 28.63 87.597198 0.00133 1629.0 904.2 0.000001
21.10.11 12:43:06 4.769024 60227 29495 28.63 87.728310 0.00122 1637.7 906.5 0.000001
21.10.11 12:43:35 4.769416 60307 29508 28.62 87.920052 0.00124 1634.6 904.1 0.000001
21.10.11 12:44:03 4.769821 60357 29444 28.62 87.995560 0.00118 1649.3 909.3 0.000001
21.10.11 12:44:31 4.770230 60370 29386 28.62 88.211143 0.00117 1652.7 909.1 0.000001
21.10.11 12:44:59 4.770628 60412 29350 28.61 88.456551 0.00130 1633.1 895.5 0.000001
21.10.11 12:45:28 4.771040 60507 29333 28.60 88.642105 0.00118 1662.9 911.2 0.000001
21.10.11 12:45:56 4.771463 60544 29247 28.60 88.768570 0.00121 1638.4 896.8 0.000001
21.10.11 12:46:24 4.771869 60549 29191 28.60 88.973709 0.00110 1668.0 909.2 0.000001
21.10.11 12:46:53 4.772306 60605 29192 28.59 89.127922 0.00105 1635.5 893.7 0.000001
21.10.11 12:47:21 4.772710 60782 29185 28.58 89.300697 0.00111 1686.3 915.3 0.000001
21.10.11 12:47:49 4.773130 60691 29100 28.58 89.558990 0.00105 1672.5 907.0 0.000001
21.10.11 12:48:18 4.773538 60804 29070 28.58 89.644020 0.00104 1676.9 907.3 0.000001
21.10.11 12:48:46 4.773943 60824 29026 28.57 89.872002 0.00113 1675.6 905.4 0.000001
21.10.11 12:56:56 4.773943 60721 28959 28.57 89.861336 0.00103 1648.0 893.2 0.000001
21.10.11 12:57:24 4.774359 60815 28949 28.57 90.029846 0.00103 1644.6 888.6 0.000001
21.10.11 12:57:52 4.774772 60896 28929 28.56 90.180283 0.00091 1667.9 899.2 0.000001
21.10.11 12:58:21 4.775173 60855 28876 28.55 90.332253 0.00108 1707.0 915.5 0.000001
21.10.11 12:58:49 4.775579 60934 28840 28.55 90.568092 0.00088 1638.8 880.6 0.000001
21.10.11 12:59:17 4.775977 60916 28812 28.55 90.741318 0.00095 1714.5 916.5 0.000001
21.10.11 12:59:45 4.776373 60885 28721 28.54 90.862976 0.00088 1717.4 915.6 0.000001
21.10.11 13:00:14 4.776776 60945 28670 28.54 90.996788 0.00079 1723.9 916.5 0.000001
21.10.11 13:00:42 4.777187 60989 28636 28.53 91.213409 0.00085 1715.2 911.9 0.000001
21.10.11 13:01:10 4.777603 60944 28602 28.52 91.328300 0.00076 1727.9 916.4 0.000001
21.10.11 13:01:38 4.778034 61042 28575 28.52 91.523224 0.00084 1652.1 877.0 0.000001
21.10.11 13:02:06 4.778443 61079 28533 28.51 91.745918 0.00076 1701.9 901.3 0.000001
21.10.11 13:02:35 4.778871 61102 28519 28.51 91.897430 0.00069 1741.7 918.7 0.000001
21.10.11 13:03:03 4.779290 61125 28460 28.50 92.087120 0.00071 1657.1 874.8 0.000001
21.10.11 13:03:31 4.779701 61105 28409 28.50 92.215019 0.00070 1731.2 911.6 0.000001
21.10.11 13:03:59 4.780108 61137 28382 28.49 92.370033 0.00066 1699.1 894.0 0.000001
21.10.11 13:04:28 4.780518 61154 28333 28.49 92.609291 0.00070 1748.2 915.7 0.000001
21.10.11 13:04:56 4.780920 61329 28333 28.48 92.725441 0.00063 1725.2 906.1 0.000001
21.10.11 13:05:24 4.781321 61236 28245 28.48 92.898430 0.00071 1690.9 883.2 0.000001
21.10.11 13:05:52 4.781722 61301 28242 28.47 93.044014 0.00069 1651.6 862.4 0.000001
21.10.11 13:06:20 4.782131 61355 28242 28.47 93.156845 0.00066 1771.6 921.5 0.000001
21.10.11 13:06:48 4.782536 61387 28220 28.46 93.409119 0.00070 1707.8 889.4 0.000001
21.10.11 13:07:17 4.782958 61378 28159 28.46 93.564003 0.00059 1750.2 908.3 0.000001
21.10.11 13:07:45 4.783399 61463 28174 28.45 93.713493 0.00056 1763.5 915.5 0.000001
21.10.11 13:08:13 4.783805 61451 28108 28.45 93.865654 0.00065 1660.2 860.8 0.000001
21.10.11 13:08:41 4.784284 61521 28100 28.45 94.120499 0.00055 1783.3 921.6 0.000001
21.10.11 13:09:10 4.784724 61554 28087 28.44 94.229675 0.00051 1685.9 872.5 0.000001
21.10.11 13:09:38 4.785150 61580 28053 28.44 94.416023 0.00058 1656.7 853.1 0.000001
21.10.11 13:10:06 4.785598 61620 28074 28.43 94.599724 0.00050 1659.9 852.2 0.000001
21.10.11 13:10:34 4.786028 61626 28056 28.43 94.831322 0.00043 1672.2 863.3 0.000001
21.10.11 13:11:02 4.786441 61756 28062 28.42 94.871094 0.00050 1656.2 851.4 0.000001
21.10.11 13:11:30 4.786879 61752 28043 28.42 95.053497 0.00043 1806.8 927.4 0.000001
21.10.11 13:11:59 4.787286 61862 28055 28.42 95.184654 0.00035 1676.5 863.2 0.000001
21.10.11 13:12:27 4.787700 61810 28015 28.41 95.421616 0.00037 1665.5 853.1 0.000001
21.10.11 13:12:55 4.788151 61912 28074 28.41 95.574295 0.00042 1778.9 915.9 0.000001
21.10.11 13:13:23 4.788572 61885 28051 28.41 95.760765 0.00034 1767.3 912.8 0.000001
21.10.11 13:13:51 4.789026 61921 28041 28.41 95.940262 0.00031 1677.7 856.4 0.000001
21.10.11 13:14:19 4.789473 61960 28025 28.40 96.078133 0.00036 1798.0 921.2 0.000001
21.10.11 13:14:47 4.789902 61940 27992 28.40 96.320190 0.00045 1678.1 855.9 0.000001
21.10.11 13:15:15 4.790346 61892 27994 28.40 96.412079 0.00037 1734.0 889.5 0.000001
21.10.11 13:15:43 4.790799 61917 27982 28.40 96.594131 0.00036 1673.2 858.0 0.000001
21.10.11 13:16:11 4.791237 61924 28045 28.40 96.782539 0.00041 1748.0 902.5 0.000001
21.10.11 13:16:40 4.791714 61857 28008 28.40 96.962807 0.00047 1787.2 919.3 0.000001
21.10.11 13:17:08 4.792180 61861 28026 28.40 97.120415 0.00052 1683.1 865.7 0.000001
21.10.11 13:17:36 4.792612 61867 28046 28.40 97.295074 0.00047 1751.1 906.0 0.000001
21.10.11 13:18:04 4.793046 61814 28052 28.40 97.485031 0.00053 1677.0 856.3 0.000001
21.10.11 13:18:42 4.793471 61897 28085 28.39 97.643875 0.00062 1793.1 922.8 0.000001
21.10.11 13:19:10 4.793936 61759 28093 28.39 97.810356 0.00068 1731.3 899.6 0.000001
21.10.11 13:19:39 4.794386 61799 28114 28.39 97.947952 0.00073 1763.6 913.1 0.000001
21.10.11 13:20:07 4.794832 61752 28126 28.39 98.150238 0.00074 1801.8 927.5 0.000001
21.10.11 13:20:35 4.795287 61725 28156 28.39 98.293968 0.00090 1792.1 924.6 0.000001
21.10.11 13:21:03 4.795758 61689 28176 28.39 98.518997 0.00102 1774.3 917.7 0.000001
21.10.11 13:21:31 4.796227 61624 28193 28.40 98.621185 0.00105 1780.8 923.4 0.000001
21.10.11 13:21:59 4.796674 61532 28192 28.40 98.841820 0.00101 1772.9 918.5 0.000001
21.10.11 13:22:28 4.797108 61628 28290 28.40 98.996986 0.00114 1770.4 920.3 0.000001
21.10.11 13:22:56 4.797553 61594 28289 28.40 99.202049 0.00137 1769.1 919.0 0.000001
21.10.11 13:23:24 4.798028 61414 28319 28.40 99.313789 0.00142 1771.3 922.8 0.000001
21.10.11 13:23:53 4.798535 61325 28340 28.40 99.492104 0.00151 1774.8 925.6 0.000001
21.10.11 13:24:21 4.798951 61349 28393 28.40 99.694984 0.00169 1764.3 922.5 0.000001
21.10.11 13:24:49 4.799412 61177 28398 28.41 99.822815 0.00167 1742.8 914.4 0.000001
21.10.11 13:25:18 4.799867 61164 28470 28.41 99.985367 0.00185 1748.8 919.5 0.000001
21.10.11 13:25:46 4.800345 61147 28538 28.41 100.117340 0.00193 1777.0 939.0 0.000001
21.10.11 13:26:14 4.800822 60866 28474 28.42 100.341499 0.00213 1716.4 907.0 0.000001
21.10.11 13:26:42 4.801290 60865 28549 28.42 100.499733 0.00234 1727.6 915.2 0.000001
21.10.11 13:27:11 4.801785 60780 28601 28.42 100.674667 0.00238 1702.8 906.0 0.000001
21.10.11 13:27:39 4.802263 60728 28695 28.41 100.915001 0.00242 1712.0 913.4 0.000001
21.10.11 13:28:08 4.802757 60613 28738 28.42 101.002243 0.00272 1687.5 903.9 0.000001
21.10.11 13:28:36 4.803246 60466 28776 28.42 101.253555 0.00284 1693.0 909.5 0.000001
21.10.11 13:29:04 4.803677 60479 28856 28.42 101.303825 0.00283 1689.1 909.8 0.000001
21.10.11 13:29:33 4.804121 60341 28901 28.42 101.607407 0.00302 1679.2 907.8 0.000001
